1 0 0 0
2 3 0 0
3 3 4 0
4 0 4 0
5 0 0 2
6 3 0 2
7 3 4 2
8 0 4 2
9 1.5 0 3
10 1.5 4 3
11 3 1 0
12 3 2 0
13 3 1 1.5
14 3 2 1.5
15 3 1.05 0
16 3 1.95 0
17 3 1.05 1.45
18 3 1.95 1.45

20 3 3.5 0.5 
21 3 2.5 0.5
22 3 3.5 1.5
23 3 2.5 1.5
24 3 2.6 0.6
25 3 3 0.6
26 3 2.6 1.4
27 3 3 1.4
28 3 3 0.6
29 3 3.4 0.6
30 3 3.4 1.4
31 3 3 1.4

40 1.5 0.5 3
41 1.5 1 3
42 1.5 1.5 3 
43 1.5 2 3
44 1.5 2.5 3
45 1.5 3 3
46 1.5 3.5 3


50 3 0.5 2
51 3 1 2
52 3 1.5 2
53 3 2 2
54 3 2.5 2
55 3 3 2
56 3 3.5 2

60 0 0.5 2
61 0 1 2
62 0 1.5 2
63 0 2 2
64 0 2.5 2
65 0 3 2
66 0 3.5 2

70 0 0 0.5 
71 0 0 1
72 0 0 1.5
73 3 0 0.5
74 3 0 1
75 3 0 1.5

80 0 4 0.5
81 0 4 1
82 0 4 1.5
83 3 4 0.5
84 3 4 1
85 3 4 1.5

91 0 1 0
93 0 2 0
95 0 3 0


100 0 0.5 0.5
101 0 1 0.5
102 0 1.5 0.5
103 0 2 0.5
104 0 2.5 0.5
105 0 3 0.5
106 0 3.5 0.5

110 0 0.5 1
111 0 1 1
112 0 1.5 1
113 0 2 1
114 0 2.5 1
115 0 3 1
116 0 3.5 1

120 0 0.5 1.5
121 0 1 1.5
122 0 1.5 1.5
123 0 2 1.5
124 0 2.5 1.5
125 0 3 1.5
126 0 3.5 1.5

130 1 0 0
131 2 0 0
132 0.5 0 0.5
133 1 0 0.5
134 1.5 0 0.5
135 2 0 0.5
136 2.5 0 0.5
137 0.5 0 1
138 1 0 1
139 1.5 0 1
140 2 0 1
141 2.5 0 1
142 0.5 0 1.5
143 1 0 1.5
144 1.5 0 1.5
145 2 0 1.5
146 2.5 0 1.5
147 0.5 0 2
148 1.5 0 2
149 2.5 0 2

150 1 4 0
151 2 4 0
152 0.5 4 0.5
153 1 4 0.5
154 1.5 4 0.5
155 2 4 0.5
156 2.5 4 0.5
157 0.5 4 1
158 1 4 1
159 1.5 4 1
160 2 4 1
161 2.5 4 1
162 0.5 4 1.5
163 1 4 1.5
164 1.5 4 1.5
165 2 4 1.5
166 2.5 4 1.5
167 0.5 4 2
168 1.5 4 2
169 2.5 4 2

170 3 1.16 0.80
171 3 1.20 0.80
172 3 1.16 1
173 3 1.20 1


Faces:
1 2.
1 4.
1 5.
2 3.
2 6.
3 4.
3 7.
4 8.
5 6.
5 8.
6 7.
7 8.
5 9.
6 9.
7 10.
8 10.
9 10.
11 13.
12 14.
13 14.
15 17.
15 16.
16 18.
17 18.
20 21.
21 23.
23 22.
22 20.
24 25.
25 27.
27 26.
26 24.
24 29.
28 29 30 31 28.

40 50.
41 51.
42 52.
43 53.
44 54.
45 55.
46 56.

40 60.
41 61.
42 62.
43 63.
44 64.
45 65.
46 66.

70 80.
71 81.
72 82.
70 73.
71 74.
72 75.
80 83.
81 84.
82 85.

91 101.
93 103. 
95 105.


100 110.
102 112.
104 114.

111 121.
113 123.
115 125.

60 120.
62 122.
64 124.

130 133.
131 135.
132 137.
134 139.
136 141.
138 143.
140 145.
142 147.
144 148.
146 149.

150 153.
151 155.
152 157.
154 159.
156 161.
158 163.
160 165.
162 167.
164 168.
166 169.

170 171.
171 173.
173 172.
172 170.








